Annex to the Summary of the Comenius Impact Study

Table 1
Gross sample, net sample and participants in the Comenius Impact Survey – by coun-
try of school
 ___________________________________________________________________________________________________________________

                 Gross sample *                     Net sample **                      Participants
Country        Number Percent                    Number Percent                    Number Percent                  Return rate
______________________________________________________________________________________________________________________________________

AT               848          3,6                  639          4,0                 464           5,9                 72,6
BE               578          2,5                  402          2,5                 177           2,2                 44,0
BG                58          0,2                   32          0,2                   7           0,1                 21,9
CY                 7          0,0                    4          0,0                   0           0,0                  0,0
CZ               586          2,5                  423          2,7                 194           2,5                 45,9
DE              2870         12,2                 2269         14,2                1523          19,3                 67,1
DK               549          2,3                  368          2,3                 167           2,1                 45,4
EE               173          0,7                  152          1,0                  81           1,0                 53,3
ES              2768         11,8                 1717         10,8                1061          13,4                 61,8
FI               942          4,0                  684          4,3                 275           3,5                 40,2
FR               878          3,7                  589          3,7                 378           4,8                 64,2
GB              1978          8,4                 1146          7,2                 468           5,9                 40,8
GR               681          2,9                  448          2,8                 190           2,4                 42,4
HU               504          2,1                  332          2,1                 174           2,2                 52,4
IR               368          1,6                  271          1,7                  80           1,0                 29,5
IS               100          0,4                   61          0,4                  31           0,4                 50,8
IT              3343         14,2                 2142         13,4                 885          11,2                 41,3
LI                 5          0,0                    5          0,0                   3           0,0                 60,0
LT                68          0,3                   14          0,1                   5           0,1                 35,7
LU                48          0,2                   28          0,2                  15           0,2                 53,6
LV                39          0,2                   25          0,2                  14           0,2                 56,0
MT               100          0,4                   52          0,3                  22           0,3                 42,3
NL               604          2,6                  435          2,7                 198           2,5                 45,5
NO               538          2,3                  366          2,3                 135           1,7                 36,9
PL              1801          7,6                 1310          8,2                 563           7,1                 43,0
PT               818          3,5                  471          3,0                 185           2,3                 39,3
RO               772          3,3                  449          2,8                 185           2,3                 41,2
SE               780          3,3                  549          3,4                 150           1,9                 27,3
SI               185          0,8                  137          0,9                  69           0,9                 50,4
SK               301          1,3                  205          1,3                  73           0,9                 35,6
TR               238          1,1                  210          1,3                 130           1,6                 61,9
______________________________________________________________________________________________________________________________________

Total         23552         100,0               15935         100,0                7903        100,0                  49,6
______________________________________________________________________________________________________________________________________

* All Comenius project responsibles initially selected to be addressed by the survey
** Comenius project responsibles who could be contacted via E-mail




                                                                                                                                    1
