                                                               Basic salaries as at 1st January 2011
                                                                         Implementation: 01/02/2011




     Management staff           executive staff                              support staff


               C            D           E            F          G             H           I           K

 1           10,005.12    8,026.67    5,782.69     4,978.39   3,649.69     3,315.89    2,671.02   2,534.73
 2           10,115.96    8,120.73    5,839.98     5,025.75   3,682.41     3,345.20    2,694.15   2,556.57
 3           10,227.81    8,215.70    5,897.60     5,073.58   3,715.56     3,374.86    2,717.53   2,578.84
 4           10,340.61    8,311.38    5,955.83     5,121.86   3,749.09     3,404.62    2,741.15   2,601.09
 5           10,454.43    8,407.99    6,014.63     5,170.56   3,782.80     3,434.67    2,764.80   2,623.69
 6           10,569.15    8,505.53    6,074.24     5,220.25   3,816.78     3,465.70    2,788.74   2,646.59
 7           10,684.88    8,603.64    6,135.84     5,271.08   3,851.20     3,497.05    2,812.93   2,669.45
 8           10,801.52    8,702.59    6,197.95     5,322.33   3,885.85     3,528.73    2,837.16   2,692.56
 9           10,919.48    8,802.36    6,260.52     5,374.10   3,921.38     3,560.50    2,861.57   2,715.83
10           11,038.14    8,903.33    6,323.71     5,426.22   3,957.41     3,592.41    2,886.47   2,739.55
11           11,157.83    9,004.76    6,387.29     5,479.05   3,993.87     3,625.12    2,911.37   2,763.16
12           11,278.51    9,107.32    6,451.54     5,531.97   4,030.78     3,657.75    2,936.74   2,787.23
13           11,400.42    9,210.80    6,517.37     5,585.55   4,067.65     3,690.67    2,961.95   2,811.19
14           11,523.33    9,314.71    6,584.64     5,640.10   4,105.10     3,723.94    2,987.57   2,835.64
15           11,647.03    9,420.08    6,652.64     5,696.20   4,142.72     3,757.46    3,013.95   2,860.25
16           11,772.17    9,525.91    6,721.17     5,752.55   4,180.72     3,791.14    3,040.64   2,884.86
17           11,898.02    9,633.06    6,790.03     5,809.57   4,219.02     3,825.25    3,067.63   2,909.90
18           12,025.10    9,740.70    6,859.85     5,867.05   4,257.88     3,859.66    3,094.75   2,934.98
19           12,153.17    9,849.20    6,930.39     5,925.00   4,296.70     3,894.27    3,122.45   2,960.43
20           12,282.39    9,958.78    7,003.59     5,983.42   4,336.02     3,930.14    3,149.88   2,985.97
21           12,412.70   10,069.55    7,077.33     6,042.47   4,376.72     3,966.27    3,177.70   3,012.28
22           12,543.68   10,180.99    7,151.64     6,103.17   4,417.79     4,002.85    3,205.85   3,038.94
23           12,674.46   10,293.48    7,226.70     6,165.13   4,459.31     4,039.88    3,234.10   3,065.80
24           12,806.37   10,406.86    7,302.41     6,227.23   4,501.01     4,076.91    3,262.81   3,093.21
25           12,939.50   10,521.17    7,381.05     6,290.25   4,543.10     4,114.38    3,291.62   3,120.43
26           13,073.85   10,636.49    7,463.22     6,353.58   4,585.59     4,152.02    3,320.56   3,147.98
27           13,209.24   10,752.92    7,546.29     6,417.47   4,628.47     4,190.01    3,350.03   3,175.82
28           13,345.72   10,870.14    7,630.02     6,481.90   4,671.58     4,228.53    3,379.60   3,204.06
29           13,483.36   10,988.45    7,714.37     6,548.91   4,715.30     4,267.24    3,409.50   3,232.35
30           13,622.23   11,107.72    7,800.73     6,616.53   4,759.20     4,306.34    3,439.63   3,260.87
31           13,762.40   11,228.03    7,892.84     6,684.65   4,804.57     4,346.04    3,470.73   3,289.81
32           13,903.57   11,349.47    7,985.94     6,753.60   4,850.69     4,386.84    3,502.21   3,318.69
33           14,046.05   11,471.77    8,079.74     6,822.88   4,897.04     4,427.86    3,533.79   3,347.99
34           14,189.66   11,595.33    8,174.27     6,892.80   4,943.63     4,469.50    3,565.78   3,377.55
35           14,334.45   11,719.79    8,269.53     6,964.63   4,990.89     4,511.53    3,597.90   3,407.29
36           14,480.68   11,845.49    8,365.92     7,038.31   5,038.48     4,553.53    3,630.26   3,437.38
37           14,627.83   11,971.90    8,462.82     7,112.15   5,086.26     4,596.04    3,663.12   3,468.53
38           14,776.53   12,099.54    8,560.67     7,187.01   5,134.69     4,639.09    3,695.98   3,499.97
39           14,926.41   12,228.32    8,659.34     7,262.20   5,183.43     4,682.40    3,729.56   3,531.66
40           15,077.29   12,358.28    8,758.84     7,338.26   5,233.52     4,725.91    3,762.95   3,563.39
41           15,230.00   12,489.08    8,859.19     7,419.67   5,284.49     4,770.26    3,796.76   3,595.72
42           15,383.61   12,619.80    8,960.52     7,502.20   5,335.93     4,815.93    3,830.84   3,628.11
43           15,538.54   12,751.15    9,062.50     7,585.62   5,387.78     4,861.93    3,865.32   3,660.83
44           15,695.03   12,883.84    9,165.39     7,669.62   5,440.11     4,908.33    3,900.17   3,693.77
45           15,852.62   13,017.76    9,269.12     7,754.28   5,492.88     4,955.15    3,936.06   3,727.02
46           16,011.59   13,152.74    9,373.89     7,844.05   5,546.16     5,002.32    3,972.40   3,760.62
47           16,172.12   13,288.73    9,479.26     7,936.68   5,599.72     5,049.85    4,008.97   3,794.39
48           16,333.77   13,425.81    9,585.99     8,030.03   5,654.78     5,097.94    4,046.00   3,828.37
49           16,499.06   13,564.32    9,693.38     8,124.32   5,710.94     5,146.40    4,083.11   3,862.80
50           16,666.01   13,703.83    9,801.70     8,219.14   5,767.52     5,195.24    4,120.57   3,897.61
51           16,834.64   13,844.49    9,910.93     8,314.99   5,824.82     5,245.80    4,158.47   3,933.43
52           17,005.00   13,986.57   10,021.06     8,411.63   5,882.26     5,296.80    4,196.45   3,969.89
53           17,177.06   14,129.63   10,132.09     8,508.81   5,940.38     5,348.52    4,234.99   4,006.43
54           17,350.88   14,273.96   10,244.18     8,607.12   5,999.02     5,400.33    4,273.69   4,043.17
55                       14,422.62   10,357.21     8,706.14   6,058.24     5,452.83    4,312.79   4,080.31
56                       14,572.83   10,471.12     8,806.06   6,119.53     5,505.75    4,352.77   4,117.71
57                       14,724.61   10,586.13     8,906.78   6,181.50     5,559.02    4,393.71   4,155.53
58                       14,877.97   10,702.00     9,008.48   6,243.96     5,612.64    4,434.86   4,193.61
59                       15,032.92   10,818.74     9,110.93   6,306.88     5,668.15    4,476.35   4,231.90
60                       15,189.48   10,936.58     9,214.29   6,370.62     5,722.65    4,518.30   4,270.72
61                                   11,055.44     9,318.45   6,434.43     5,777.67    4,560.54   4,309.56
62                                   11,175.49     9,423.66   6,499.58     5,833.23    4,603.30   4,348.75
63                                   11,296.30     9,529.62   6,566.70     5,889.32    4,646.29   4,388.31
64                                   11,418.13     9,636.46   6,634.56     5,945.94    4,689.83   4,428.22
65                                   11,541.10     9,746.89   6,700.66     6,003.11    4,733.23   4,468.49
66                                   11,665.04     9,858.58   6,767.40     6,060.84    4,777.93   4,509.13
67                                   11,793.63     9,971.56   6,834.83     6,119.10    4,823.64   4,550.14
68                                   11,923.60    10,085.84   6,902.91     6,177.94    4,869.77
69                                   12,055.03    10,201.42   6,971.68     6,237.34    4,915.07
70                                   12,187.91                7,041.13                 4,960.78
71                                   12,322.24                7,111.28                 5,006.92
72                                   12,458.06                7,182.12                 5,053.49
73                                                            7,253.67                 5,100.49
74                                                            7,325.93                 5,147.94
75                                                                                     5,195.81
76                                                                                     5,244.14
77                                                                                     5,292.92
78                                                                                     5,342.15
